Abilene, TX — Score Report
============================================================

White–Black Comparison
  Year           edge_1      half_edge_1          moran_P  dissimilarity_1      skew_self_1     skew_other_1
------------------------------------------------------------------------------------------------------------
  1980           0.4723           0.5205           0.3507           0.5087           0.0511           0.8935
  1990           0.4675           0.5134           0.3164           0.4394           0.0442           0.8909
  2000           0.4584           0.5145           0.3359           0.4618           0.0542           0.8626
  2010           0.4678           0.5266           0.1686           0.4482           0.0653           0.8703
  2020           0.4585           0.5237           0.2753           0.4306           0.0694           0.8475
------------------------------------------------------------------------------------------------------------
  Mean           0.4649           0.5197           0.2894           0.4577           0.0568           0.8730
Median           0.4675           0.5205           0.3164           0.4482           0.0542           0.8703
   Min           0.4584           0.5134           0.1686           0.4306           0.0442           0.8475
   Max           0.4723           0.5266           0.3507           0.5087           0.0694           0.8935
   Std           0.0062           0.0057           0.0732           0.0307           0.0104           0.0194

White–POC Comparison
  Year           edge_1      half_edge_1          moran_P  dissimilarity_1      skew_self_1     skew_other_1
------------------------------------------------------------------------------------------------------------
  1980           0.4230           0.5285           0.3800           0.3951           0.1217           0.7243
  1990           0.4176           0.5290           0.4392           0.3813           0.1309           0.7044
  2000           0.3992           0.5319           0.4140           0.3616           0.1719           0.6265
  2010           0.3950           0.5400           0.4385           0.3475           0.2077           0.5823
  2020           0.3746           0.5307           0.4735           0.3074           0.2387           0.5105
------------------------------------------------------------------------------------------------------------
  Mean           0.4019           0.5320           0.4291           0.3586           0.1742           0.6296
Median           0.3992           0.5307           0.4385           0.3616           0.1719           0.6265
   Min           0.3746           0.5285           0.3800           0.3074           0.1217           0.5105
   Max           0.4230           0.5400           0.4735           0.3951           0.2387           0.7243
   Std           0.0193           0.0047           0.0346           0.0339           0.0498           0.0880
